8 1 5823744 / 19470454 | 0.299107
8 2 4986440 / 17888561 | 0.27875
8 2 5277792 / 18174038 | 0.290403
16 1 9880768 / 16646958 | 0.593548
16 2 8339664 / 14659163 | 0.568905
16 2 8676384 / 15168247 | 0.57201
32 1 16587840 / 14146849 | 1.17255
32 2 13014688 / 12199058 | 1.06686
32 2 14103072 / 12547411 | 1.12398
64 1 19481920 / 8936842 | 2.17996
64 2 16883392 / 7887685 | 2.14047
64 2 17353024 / 8236484 | 2.10685
128 1 16240768 / 4257370 | 3.81474
128 2 15741952 / 3886350 | 4.05057
128 2 16237824 / 4051907 | 4.00745
